7.515000000000000568e-01
7.565000000000000613e-01
7.614999999999999547e-01
7.664999999999999591e-01
7.714999999999999636e-01
7.764999999999999680e-01
7.814999999999999725e-01
7.864999999999999769e-01
7.914999999999999813e-01
7.964999999999999858e-01
8.014999999999999902e-01
8.064999999999999947e-01
8.114999999999999991e-01
8.165000000000000036e-01
8.215000000000000080e-01
8.265000000000000124e-01
8.315000000000000169e-01
8.365000000000000213e-01
8.415000000000000258e-01
8.465000000000000302e-01
8.515000000000000346e-01
8.565000000000000391e-01
8.615000000000000435e-01
8.665000000000000480e-01
8.715000000000000524e-01
8.765000000000000568e-01
8.815000000000000613e-01
8.865000000000000657e-01
8.915000000000000702e-01
8.965000000000000746e-01
9.015000000000000790e-01
9.065000000000000835e-01
9.115000000000000879e-01
9.165000000000000924e-01
9.214999999999999858e-01
9.264999999999999902e-01
9.314999999999999947e-01
9.364999999999999991e-01
9.415000000000000036e-01
9.465000000000000080e-01
9.515000000000000124e-01
9.565000000000000169e-01
9.615000000000000213e-01
9.665000000000000258e-01
9.715000000000000302e-01
9.765000000000000346e-01
9.815000000000000391e-01
9.865000000000000435e-01
9.915000000000000480e-01
9.965000000000000524e-01
7.515000000000000568e-01
7.565000000000000613e-01
7.614999999999999547e-01
7.664999999999999591e-01
7.714999999999999636e-01
7.764999999999999680e-01
7.814999999999999725e-01
7.864999999999999769e-01
7.914999999999999813e-01
7.964999999999999858e-01
8.014999999999999902e-01
8.064999999999999947e-01
8.114999999999999991e-01
8.165000000000000036e-01
8.215000000000000080e-01
8.265000000000000124e-01
8.315000000000000169e-01
8.365000000000000213e-01
8.415000000000000258e-01
8.465000000000000302e-01
8.515000000000000346e-01
8.565000000000000391e-01
8.615000000000000435e-01
8.665000000000000480e-01
8.715000000000000524e-01
8.765000000000000568e-01
8.815000000000000613e-01
8.865000000000000657e-01
8.915000000000000702e-01
8.965000000000000746e-01
9.015000000000000790e-01
9.065000000000000835e-01
9.115000000000000879e-01
9.165000000000000924e-01
9.214999999999999858e-01
9.264999999999999902e-01
9.314999999999999947e-01
9.364999999999999991e-01
9.415000000000000036e-01
9.465000000000000080e-01
9.515000000000000124e-01
9.565000000000000169e-01
9.615000000000000213e-01
9.665000000000000258e-01
9.715000000000000302e-01
9.765000000000000346e-01
9.815000000000000391e-01
9.865000000000000435e-01
9.915000000000000480e-01
9.965000000000000524e-01
7.515000000000000568e-01
7.565000000000000613e-01
7.614999999999999547e-01
7.664999999999999591e-01
7.714999999999999636e-01
7.764999999999999680e-01
7.814999999999999725e-01
7.864999999999999769e-01
7.914999999999999813e-01
7.964999999999999858e-01
8.014999999999999902e-01
8.064999999999999947e-01
8.114999999999999991e-01
8.165000000000000036e-01
8.215000000000000080e-01
8.265000000000000124e-01
8.315000000000000169e-01
8.365000000000000213e-01
8.415000000000000258e-01
8.465000000000000302e-01
8.515000000000000346e-01
8.565000000000000391e-01
8.615000000000000435e-01
8.665000000000000480e-01
8.715000000000000524e-01
8.765000000000000568e-01
8.815000000000000613e-01
8.865000000000000657e-01
8.915000000000000702e-01
8.965000000000000746e-01
9.015000000000000790e-01
9.065000000000000835e-01
9.115000000000000879e-01
9.165000000000000924e-01
9.214999999999999858e-01
9.264999999999999902e-01
9.314999999999999947e-01
9.364999999999999991e-01
9.415000000000000036e-01
9.465000000000000080e-01
9.515000000000000124e-01
9.565000000000000169e-01
9.615000000000000213e-01
9.665000000000000258e-01
9.715000000000000302e-01
9.765000000000000346e-01
9.815000000000000391e-01
9.865000000000000435e-01
9.915000000000000480e-01
9.965000000000000524e-01
7.515000000000000568e-01
7.565000000000000613e-01
7.614999999999999547e-01
7.664999999999999591e-01
7.714999999999999636e-01
7.764999999999999680e-01
7.814999999999999725e-01
7.864999999999999769e-01
7.914999999999999813e-01
7.964999999999999858e-01
8.014999999999999902e-01
8.064999999999999947e-01
8.114999999999999991e-01
8.165000000000000036e-01
8.215000000000000080e-01
8.265000000000000124e-01
8.315000000000000169e-01
8.365000000000000213e-01
8.415000000000000258e-01
8.465000000000000302e-01
8.515000000000000346e-01
8.565000000000000391e-01
8.615000000000000435e-01
8.665000000000000480e-01
8.715000000000000524e-01
8.765000000000000568e-01
8.815000000000000613e-01
8.865000000000000657e-01
8.915000000000000702e-01
8.965000000000000746e-01
9.015000000000000790e-01
9.065000000000000835e-01
9.115000000000000879e-01
9.165000000000000924e-01
9.214999999999999858e-01
9.264999999999999902e-01
9.314999999999999947e-01
9.364999999999999991e-01
9.415000000000000036e-01
9.465000000000000080e-01
9.515000000000000124e-01
9.565000000000000169e-01
9.615000000000000213e-01
9.665000000000000258e-01
9.715000000000000302e-01
9.765000000000000346e-01
9.815000000000000391e-01
9.865000000000000435e-01
9.915000000000000480e-01
9.965000000000000524e-01
