1.500000000000000031e-03
6.499999999999999702e-03
1.149999999999999981e-02
1.650000000000000078e-02
2.150000000000000175e-02
2.650000000000000272e-02
3.150000000000000022e-02
3.649999999999999772e-02
4.150000000000000216e-02
4.650000000000000661e-02
5.150000000000000411e-02
5.650000000000000161e-02
6.150000000000000605e-02
6.650000000000000355e-02
7.150000000000000799e-02
7.650000000000001243e-02
8.150000000000000300e-02
8.650000000000000744e-02
9.149999999999999800e-02
9.650000000000000244e-02
1.015000000000000069e-01
1.064999999999999974e-01
1.115000000000000019e-01
1.165000000000000063e-01
1.215000000000000108e-01
1.265000000000000013e-01
1.315000000000000058e-01
1.365000000000000102e-01
1.415000000000000147e-01
1.465000000000000191e-01
1.514999999999999958e-01
1.565000000000000002e-01
1.615000000000000047e-01
1.665000000000000091e-01
1.715000000000000135e-01
1.764999999999999902e-01
1.814999999999999947e-01
1.864999999999999991e-01
1.915000000000000036e-01
1.965000000000000080e-01
2.014999999999999847e-01
2.064999999999999891e-01
2.115000000000000213e-01
2.164999999999999980e-01
2.215000000000000024e-01
2.265000000000000069e-01
2.315000000000000113e-01
2.365000000000000158e-01
2.415000000000000202e-01
2.465000000000000246e-01
2.515000000000000013e-01
2.565000000000000058e-01
2.615000000000000102e-01
2.665000000000000147e-01
2.715000000000000191e-01
2.765000000000000235e-01
2.815000000000000280e-01
2.865000000000000324e-01
2.915000000000000369e-01
2.965000000000000413e-01
3.015000000000000457e-01
3.065000000000000502e-01
3.115000000000000546e-01
3.165000000000000591e-01
3.215000000000000080e-01
3.265000000000000124e-01
3.315000000000000169e-01
3.365000000000000213e-01
3.415000000000000258e-01
3.465000000000000302e-01
3.515000000000000346e-01
3.565000000000000391e-01
3.615000000000000435e-01
3.665000000000000480e-01
3.714999999999999969e-01
3.765000000000000013e-01
3.815000000000000058e-01
3.865000000000000102e-01
3.915000000000000147e-01
3.965000000000000191e-01
4.015000000000000235e-01
4.065000000000000280e-01
4.115000000000000324e-01
4.165000000000000369e-01
4.215000000000000413e-01
4.265000000000000457e-01
4.315000000000000502e-01
4.365000000000000546e-01
4.415000000000000591e-01
4.465000000000000635e-01
4.514999999999999569e-01
4.564999999999999614e-01
4.614999999999999658e-01
4.664999999999999702e-01
4.714999999999999747e-01
4.764999999999999791e-01
4.814999999999999836e-01
4.864999999999999880e-01
4.914999999999999925e-01
4.964999999999999969e-01
5.015000000000000568e-01
5.065000000000000613e-01
5.115000000000000657e-01
5.165000000000000702e-01
5.215000000000000746e-01
5.265000000000000790e-01
5.315000000000000835e-01
5.365000000000000879e-01
5.415000000000000924e-01
5.465000000000000968e-01
5.515000000000001013e-01
5.564999999999999947e-01
5.614999999999999991e-01
5.665000000000000036e-01
5.715000000000000080e-01
5.765000000000000124e-01
5.815000000000000169e-01
5.865000000000000213e-01
5.915000000000000258e-01
5.965000000000000302e-01
6.015000000000000346e-01
6.065000000000000391e-01
6.115000000000000435e-01
6.165000000000000480e-01
6.215000000000000524e-01
6.265000000000000568e-01
6.315000000000000613e-01
6.365000000000000657e-01
6.415000000000000702e-01
6.465000000000000746e-01
6.515000000000000790e-01
6.564999999999999725e-01
6.614999999999999769e-01
6.664999999999999813e-01
6.714999999999999858e-01
6.764999999999999902e-01
6.814999999999999947e-01
6.864999999999999991e-01
6.915000000000000036e-01
6.965000000000000080e-01
7.015000000000000124e-01
7.065000000000000169e-01
7.115000000000000213e-01
7.165000000000000258e-01
7.215000000000000302e-01
7.265000000000000346e-01
7.315000000000000391e-01
7.365000000000000435e-01
7.415000000000000480e-01
7.465000000000000524e-01
7.515000000000000568e-01
7.565000000000000613e-01
7.614999999999999547e-01
7.664999999999999591e-01
7.714999999999999636e-01
7.764999999999999680e-01
7.814999999999999725e-01
7.864999999999999769e-01
7.914999999999999813e-01
7.964999999999999858e-01
8.014999999999999902e-01
8.064999999999999947e-01
8.114999999999999991e-01
8.165000000000000036e-01
8.215000000000000080e-01
8.265000000000000124e-01
8.315000000000000169e-01
8.365000000000000213e-01
8.415000000000000258e-01
8.465000000000000302e-01
8.515000000000000346e-01
8.565000000000000391e-01
8.615000000000000435e-01
8.665000000000000480e-01
8.715000000000000524e-01
8.765000000000000568e-01
8.815000000000000613e-01
8.865000000000000657e-01
8.915000000000000702e-01
8.965000000000000746e-01
9.015000000000000790e-01
9.065000000000000835e-01
9.115000000000000879e-01
9.165000000000000924e-01
9.214999999999999858e-01
9.264999999999999902e-01
9.314999999999999947e-01
9.364999999999999991e-01
9.415000000000000036e-01
9.465000000000000080e-01
9.515000000000000124e-01
9.565000000000000169e-01
9.615000000000000213e-01
9.665000000000000258e-01
9.715000000000000302e-01
9.765000000000000346e-01
9.815000000000000391e-01
9.865000000000000435e-01
9.915000000000000480e-01
9.965000000000000524e-01
