6.000000000000000125e-03
1.799999999999999864e-02
2.999999999999999889e-02
4.200000000000000261e-02
5.399999999999999939e-02
6.600000000000000311e-02
7.799999999999999989e-02
8.999999999999999667e-02
1.019999999999999934e-01
1.140000000000000041e-01
1.260000000000000009e-01
1.380000000000000115e-01
1.499999999999999944e-01
1.620000000000000051e-01
1.739999999999999880e-01
1.859999999999999987e-01
1.980000000000000093e-01
2.099999999999999922e-01
2.220000000000000029e-01
2.340000000000000135e-01
2.459999999999999964e-01
2.580000000000000071e-01
2.700000000000000178e-01
2.819999999999999729e-01
2.939999999999999836e-01
3.059999999999999942e-01
3.180000000000000049e-01
3.300000000000000155e-01
3.420000000000000262e-01
3.539999999999999813e-01
3.659999999999999920e-01
3.780000000000000027e-01
3.900000000000000133e-01
4.020000000000000240e-01
4.139999999999999791e-01
4.259999999999999898e-01
4.380000000000000004e-01
4.500000000000000111e-01
4.620000000000000218e-01
4.739999999999999769e-01
4.859999999999999876e-01
4.979999999999999982e-01
5.100000000000000089e-01
5.220000000000000195e-01
5.340000000000000302e-01
5.460000000000000409e-01
5.580000000000000515e-01
5.699999999999999512e-01
5.819999999999999618e-01
5.939999999999999725e-01
6.059999999999999831e-01
6.179999999999999938e-01
6.300000000000000044e-01
6.420000000000000151e-01
6.540000000000000258e-01
6.660000000000000364e-01
6.780000000000000471e-01
6.899999999999999467e-01
7.019999999999999574e-01
7.139999999999999680e-01
7.259999999999999787e-01
7.379999999999999893e-01
7.500000000000000000e-01
7.620000000000000107e-01
7.740000000000000213e-01
7.860000000000000320e-01
7.980000000000000426e-01
8.100000000000000533e-01
8.219999999999999529e-01
8.339999999999999636e-01
8.459999999999999742e-01
8.579999999999999849e-01
8.699999999999999956e-01
8.820000000000000062e-01
8.940000000000000169e-01
9.060000000000000275e-01
9.180000000000000382e-01
9.300000000000000488e-01
9.419999999999999485e-01
9.539999999999999591e-01
9.659999999999999698e-01
9.779999999999999805e-01
9.899999999999999911e-01
1.002000000000000002e+00
1.014000000000000012e+00
1.026000000000000023e+00
1.038000000000000034e+00
1.050000000000000044e+00
1.062000000000000055e+00
1.074000000000000066e+00
1.086000000000000076e+00
1.098000000000000087e+00
1.110000000000000098e+00
1.122000000000000108e+00
1.133999999999999897e+00
1.145999999999999908e+00
1.157999999999999918e+00
1.169999999999999929e+00
1.181999999999999940e+00
1.193999999999999950e+00
